0
{0, 1, 1, 1, 1, 1, 1, 0}
{1, 1, 0, 0, 0, 0, 1, 1}
{1, 1, 0, 0, 0, 0, 1, 1}
{1, 1, 0, 0, 0, 0, 1, 1}
{1, 1, 0, 0, 0, 0, 1, 1}
{1, 1, 0, 0, 0, 0, 1, 1}
{0, 1, 1, 1, 1, 1, 1, 0}
1
{0, 0, 1, 1, 1, 0, 0, 0}
{0, 1, 1, 1, 1, 0, 0, 0}
{0, 0, 0, 1, 1, 0, 0, 0}
{0, 0, 0, 1, 1, 0, 0, 0}
{0, 0, 0, 1, 1, 0, 0, 0}
{0, 0, 0, 1, 1, 0, 0, 0}
{1, 1, 1, 1, 1, 1, 1, 1}
2
{0, 1, 1, 1, 1, 1, 1, 0}
{1, 1, 0, 0, 0, 0, 1, 1}
{0, 0, 0, 0, 0, 1, 1, 0}
{0, 0, 0, 1, 1, 1, 0, 0}
{0, 1, 1, 1, 0, 0, 0, 0}
{1, 1, 0, 0, 0, 0, 0, 0}
{1, 1, 1, 1, 1, 1, 1, 1}
3
{0, 1, 1, 1, 1, 1, 1, 0}
{1, 1, 0, 0, 0, 0, 1, 1}
{0, 0, 0, 0, 0, 0, 1, 1}
{0, 0, 1, 1, 1, 1, 1, 0}
{0, 0, 0, 0, 0, 0, 1, 1}
{1, 1, 0, 0, 0, 0, 1, 1}
{0, 1, 1, 1, 1, 1, 1, 0}
4
{0, 0, 1, 1, 0, 1, 1, 0}
{0, 1, 1, 0, 0, 1, 1, 0}
{0, 1, 1, 0, 0, 1, 1, 0}
{1, 1, 0, 0, 0, 1, 1, 0}
{1, 1, 1, 1, 1, 1, 1, 1}
{0, 0, 0, 0, 0, 1, 1, 0}
{0, 0, 0, 0, 0, 1, 1, 0}
5
{0, 0, 1, 1, 0, 0, 0, 0}
{0, 1, 1, 1, 1, 1, 1, 1}
{1, 1, 1, 0, 0, 0, 0, 0}
{0, 1, 1, 1, 1, 1, 1, 0}
{0, 0, 0, 0, 0, 0, 1, 1}
{1, 1, 0, 0, 0, 0, 1, 1}
{0, 1, 1, 1, 1, 1, 1, 0}
6
{0, 1, 1, 1, 1, 1, 1, 0}
{1, 1, 0, 0, 0, 0, 0, 0}
{1, 1, 0, 0, 0, 0, 0, 0}
{1, 1, 1, 1, 1, 1, 1, 0}
{1, 1, 0, 0, 0, 0, 1, 1}
{1, 1, 0, 0, 0, 0, 1, 1}
{0, 1, 1, 1, 1, 1, 1, 0}
7
{1, 1, 1, 1, 1, 1, 1, 1}
{0, 0, 0, 0, 0, 0, 1, 1}
{0, 0, 0, 0, 0, 1, 1, 0}
{0, 0, 0, 0, 1, 1, 0, 0}
{0, 0, 0, 1, 1, 0, 0, 0}
{0, 0, 0, 1, 1, 0, 0, 0}
{0, 0, 0, 1, 1, 0, 0, 0}
8
{0, 1, 1, 1, 1, 1, 1, 0}
{1, 1, 0, 0, 0, 0, 1, 1}
{1, 1, 0, 0, 0, 0, 1, 1}
{0, 1, 1, 1, 1, 1, 1, 0}
{1, 1, 0, 0, 0, 0, 1, 1}
{1, 1, 0, 0, 0, 0, 1, 1}
{0, 1, 1, 1, 1, 1, 1, 0}
9
{0, 1, 1, 1, 1, 1, 1, 0}
{1, 1, 0, 0, 0, 0, 1, 1}
{1, 1, 0, 0, 0, 0, 1, 1}
{0, 1, 1, 1, 1, 1, 1, 1}
{0, 0, 0, 0, 0, 0, 1, 1}
{0, 0, 0, 0, 0, 0, 1, 1}
{0, 1, 1, 1, 1, 1, 1, 0}
a
{0, 0, 1, 1, 1, 1, 0, 0}
{0, 1, 1, 1, 1, 1, 1, 0}
{1, 1, 1, 0, 0, 1, 1, 1}
{1, 1, 0, 0, 0, 0, 1, 1}
{1, 1, 1, 1, 1, 1, 1, 1}
{1, 1, 0, 0, 0, 0, 1, 1}
{1, 1, 0, 0, 0, 0, 1, 1}
b
{1, 1, 1, 1, 1, 1, 1, 0}
{1, 1, 0, 0, 0, 0, 1, 1}
{1, 1, 0, 0, 0, 0, 1, 1}
{1, 1, 1, 1, 1, 1, 1, 0}
{1, 1, 0, 0, 0, 0, 1, 1}
{1, 1, 0, 0, 0, 0, 1, 1}
{1, 1, 1, 1, 1, 1, 1, 0}
c
{0, 1, 1, 1, 1, 1, 1, 1}
{1, 1, 0, 0, 0, 0, 0, 0}
{1, 1, 0, 0, 0, 0, 0, 0}
{1, 1, 0, 0, 0, 0, 0, 0}
{1, 1, 0, 0, 0, 0, 0, 0}
{1, 1, 0, 0, 0, 0, 0, 0}
{0, 1, 1, 1, 1, 1, 1, 1}
d
{1, 1, 1, 1, 1, 1, 1, 0}
{1, 1, 0, 0, 0, 0, 1, 1}
{1, 1, 0, 0, 0, 0, 1, 1}
{1, 1, 0, 0, 0, 0, 1, 1}
{1, 1, 0, 0, 0, 0, 1, 1}
{1, 1, 0, 0, 0, 0, 1, 1}
{1, 1, 1, 1, 1, 1, 1, 0}
e
{1, 1, 1, 1, 1, 1, 1, 1}
{1, 1, 0, 0, 0, 0, 0, 0}
{1, 1, 0, 0, 0, 0, 0, 0}
{1, 1, 1, 1, 1, 1, 1, 1}
{1, 1, 0, 0, 0, 0, 0, 0}
{1, 1, 0, 0, 0, 0, 0, 0}
{1, 1, 1, 1, 1, 1, 1, 1}
f
{1, 1, 1, 1, 1, 1, 1, 1}
{1, 1, 0, 0, 0, 0, 0, 0}
{1, 1, 0, 0, 0, 0, 0, 0}
{1, 1, 1, 1, 1, 1, 1, 1}
{1, 1, 0, 0, 0, 0, 0, 0}
{1, 1, 0, 0, 0, 0, 0, 0}
{1, 1, 0, 0, 0, 0, 0, 0}
g
{0, 1, 1, 1, 1, 1, 1, 0}
{1, 1, 0, 0, 0, 0, 0, 0}
{1, 1, 0, 0, 0, 0, 0, 0}
{1, 1, 0, 0, 1, 1, 1, 1}
{1, 1, 0, 0, 0, 0, 1, 1}
{1, 1, 0, 0, 0, 0, 1, 1}
{0, 1, 1, 1, 1, 1, 1, 0}
h
{1, 1, 0, 0, 0, 0, 1, 1}
{1, 1, 0, 0, 0, 0, 1, 1}
{1, 1, 0, 0, 0, 0, 1, 1}
{1, 1, 1, 1, 1, 1, 1, 1}
{1, 1, 0, 0, 0, 0, 1, 1}
{1, 1, 0, 0, 0, 0, 1, 1}
{1, 1, 0, 0, 0, 0, 1, 1}
i
{0, 1, 1, 1, 1, 1, 1, 0}
{0, 0, 0, 1, 1, 0, 0, 0}
{0, 0, 0, 1, 1, 0, 0, 0}
{0, 0, 0, 1, 1, 0, 0, 0}
{0, 0, 0, 1, 1, 0, 0, 0}
{0, 0, 0, 1, 1, 0, 0, 0}
{0, 1, 1, 1, 1, 1, 1, 0}
j
{0, 0, 0, 0, 0, 0, 1, 1}
{0, 0, 0, 0, 0, 0, 1, 1}
{0, 0, 0, 0, 0, 0, 1, 1}
{0, 0, 0, 0, 0, 0, 1, 1}
{0, 0, 0, 0, 0, 0, 1, 1}
{1, 1, 0, 0, 0, 0, 1, 1}
{0, 1, 1, 1, 1, 1, 1, 0}
k
{1, 1, 0, 0, 0, 1, 1, 0}
{1, 1, 0, 0, 1, 1, 0, 0}
{1, 1, 0, 1, 1, 0, 0, 0}
{1, 1, 1, 1, 0, 0, 0, 0}
{1, 1, 0, 1, 1, 0, 0, 0}
{1, 1, 0, 0, 1, 1, 0, 0}
{1, 1, 0, 0, 0, 1, 1, 1}
l
{1, 1, 0, 0, 0, 0, 0, 0}
{1, 1, 0, 0, 0, 0, 0, 0}
{1, 1, 0, 0, 0, 0, 0, 0}
{1, 1, 0, 0, 0, 0, 0, 0}
{1, 1, 0, 0, 0, 0, 0, 0}
{1, 1, 0, 0, 0, 0, 0, 0}
{1, 1, 1, 1, 1, 1, 1, 1}
m
{0, 1, 1, 1, 1, 1, 1, 0}
{1, 1, 0, 1, 1, 0, 1, 1}
{1, 1, 0, 1, 1, 0, 1, 1}
{1, 1, 0, 1, 1, 0, 1, 1}
{1, 1, 0, 1, 1, 0, 1, 1}
{1, 1, 0, 1, 1, 0, 1, 1}
{1, 1, 0, 1, 1, 0, 1, 1}
n
{1, 1, 1, 0, 0, 0, 1, 1}
{1, 1, 1, 1, 0, 0, 1, 1}
{1, 1, 1, 1, 1, 0, 1, 1}
{1, 1, 0, 1, 1, 0, 1, 1}
{1, 1, 0, 1, 1, 1, 1, 1}
{1, 1, 0, 0, 1, 1, 1, 1}
{1, 1, 0, 0, 0, 1, 1, 1}
o
{0, 1, 1, 1, 1, 1, 1, 0}
{1, 1, 0, 0, 0, 0, 1, 1}
{1, 1, 0, 0, 0, 0, 1, 1}
{1, 1, 0, 0, 0, 0, 1, 1}
{1, 1, 0, 0, 0, 0, 1, 1}
{1, 1, 0, 0, 0, 0, 1, 1}
{0, 1, 1, 1, 1, 1, 1, 0}
p
{1, 1, 1, 1, 1, 1, 1, 0}
{1, 1, 0, 0, 0, 0, 1, 1}
{1, 1, 0, 0, 0, 0, 1, 1}
{1, 1, 1, 1, 1, 1, 1, 0}
{1, 1, 0, 0, 0, 0, 0, 0}
{1, 1, 0, 0, 0, 0, 0, 0}
{1, 1, 0, 0, 0, 0, 0, 0}
q
{0, 1, 1, 1, 1, 1, 0, 0}
{1, 1, 0, 0, 0, 1, 1, 0}
{1, 1, 0, 0, 0, 1, 1, 0}
{1, 1, 0, 0, 0, 1, 1, 0}
{1, 1, 0, 0, 1, 1, 1, 0}
{1, 1, 0, 0, 0, 1, 1, 0}
{1, 1, 0, 0, 0, 1, 1, 1}
r
{1, 1, 1, 1, 1, 1, 1, 0}
{1, 1, 0, 0, 0, 0, 1, 1}
{1, 1, 0, 0, 0, 0, 1, 1}
{1, 1, 1, 1, 1, 1, 1, 0}
{1, 1, 0, 1, 1, 0, 0, 0}
{1, 1, 0, 0, 1, 1, 0, 0}
{1, 1, 0, 0, 0, 1, 1, 1}
s
{0, 1, 1, 1, 1, 1, 1, 0}
{1, 1, 0, 0, 0, 0, 1, 1}
{1, 1, 0, 0, 0, 0, 0, 0}
{0, 1, 1, 1, 1, 1, 1, 0}
{0, 0, 0, 0, 0, 0, 1, 1}
{1, 1, 0, 0, 0, 0, 1, 1}
{0, 1, 1, 1, 1, 1, 1, 0}
t
{1, 1, 1, 1, 1, 1, 1, 1}
{0, 0, 0, 1, 1, 0, 0, 0}
{0, 0, 0, 1, 1, 0, 0, 0}
{0, 0, 0, 1, 1, 0, 0, 0}
{0, 0, 0, 1, 1, 0, 0, 0}
{0, 0, 0, 1, 1, 0, 0, 0}
{0, 0, 0, 1, 1, 0, 0, 0}
u
{1, 1, 0, 0, 0, 0, 1, 1}
{1, 1, 0, 0, 0, 0, 1, 1}
{1, 1, 0, 0, 0, 0, 1, 1}
{1, 1, 0, 0, 0, 0, 1, 1}
{1, 1, 0, 0, 0, 0, 1, 1}
{1, 1, 0, 0, 0, 0, 1, 1}
{0, 1, 1, 1, 1, 1, 1, 0}
v
{1, 1, 0, 0, 0, 0, 1, 1}
{1, 1, 0, 0, 0, 0, 1, 1}
{1, 1, 0, 0, 0, 0, 1, 1}
{0, 1, 1, 0, 0, 1, 1, 0}
{0, 1, 1, 0, 0, 1, 1, 0}
{0, 0, 1, 1, 1, 1, 0, 0}
{0, 0, 0, 1, 1, 0, 0, 0}
w
{1, 1, 0, 1, 1, 0, 1, 1}
{1, 1, 0, 1, 1, 0, 1, 1}
{1, 1, 0, 1, 1, 0, 1, 1}
{1, 1, 0, 1, 1, 0, 1, 1}
{1, 1, 0, 1, 1, 0, 1, 1}
{1, 1, 0, 1, 1, 0, 1, 1}
{0, 1, 1, 1, 1, 1, 1, 0}
x
{1, 1, 0, 0, 0, 0, 1, 1}
{0, 1, 1, 0, 0, 1, 1, 0}
{0, 0, 1, 1, 1, 1, 0, 0}
{0, 0, 0, 1, 1, 0, 0, 0}
{0, 0, 1, 1, 1, 1, 0, 0}
{0, 1, 1, 0, 0, 1, 1, 0}
{1, 1, 0, 0, 0, 0, 1, 1}
y
{1, 1, 0, 0, 0, 0, 1, 1}
{1, 1, 1, 0, 0, 1, 1, 1}
{0, 1, 1, 1, 1, 1, 1, 0}
{0, 0, 1, 1, 1, 1, 0, 0}
{0, 0, 0, 1, 1, 0, 0, 0}
{0, 0, 0, 1, 1, 0, 0, 0}
{0, 0, 0, 1, 1, 0, 0, 0}
z
{1, 1, 1, 1, 1, 1, 1, 1}
{0, 0, 0, 0, 0, 1, 1, 0}
{0, 0, 0, 0, 1, 1, 0, 0}
{0, 0, 0, 1, 1, 0, 0, 0}
{0, 0, 1, 1, 0, 0, 0, 0}
{0, 1, 1, 0, 0, 0, 0, 0}
{1, 1, 1, 1, 1, 1, 1, 1}
space
{0, 0, 0, 0, 0, 0, 0, 0}
{0, 0, 0, 0, 0, 0, 0, 0}
{0, 0, 0, 0, 0, 0, 0, 0}
{0, 0, 0, 0, 0, 0, 0, 0}
{0, 0, 0, 0, 0, 0, 0, 0}
{0, 0, 0, 0, 0, 0, 0, 0}
{0, 0, 0, 0, 0, 0, 0, 0}