3*3
{1, 0, 1}
{1, 1, 1}
{0, 1, 0}
4*5
{1, 1, 0, 1, 1}
{1, 1, 1, 1, 1}
{0, 1, 1, 1, 0}
{0, 0, 1, 0, 0}
5*7
{0, 1, 1, 0, 1, 1, 0}
{1, 1, 1, 1, 1, 1, 1}
{0, 1, 1, 1, 1, 1, 0}
{0, 0, 1, 1, 1, 0, 0}
{0, 0, 0, 1, 0, 0, 0}
6*10
{0, 1, 1, 0, 0, 0, 0, 1, 1, 0}
{1, 1, 1, 1, 0, 0, 1, 1, 1, 1}
{1, 1, 1, 1, 1, 1, 1, 1, 1, 1}
{0, 1, 1, 1, 1, 1, 1, 1, 1, 0}
{0, 0, 0, 1, 1, 1, 1, 0, 0, 0}
{0, 0, 0, 0, 1, 1, 0, 0, 0, 0}
7*11
{0, 0, 1, 1, 0, 0, 0, 1, 1, 0, 0}
{0, 1, 1, 1, 1, 0, 1, 1, 1, 1, 0}
{1, 1, 1, 1, 1, 1, 1, 1, 1, 1, 1}
{0, 1, 1, 1, 1, 1, 1, 1, 1, 1, 0}
{0, 0, 1, 1, 1, 1, 1, 1, 1, 0, 0}
{0, 0, 0, 0, 1, 1, 1, 0, 0, 0, 0}
{0, 0, 0, 0, 0, 1, 0, 0, 0, 0, 0}
8*14
{0, 0, 1, 1, 1, 0, 0, 0, 0, 1, 1, 1, 0, 0}
{0, 1, 1, 1, 1, 1, 0, 0, 1, 1, 1, 1, 1, 0}
{1, 1, 1, 1, 1, 1, 1, 1, 1, 1, 1, 1, 1, 1}
{1, 1, 1, 1, 1, 1, 1, 1, 1, 1, 1, 1, 1, 1}
{0, 1, 1, 1, 1, 1, 1, 1, 1, 1, 1, 1, 1, 0}
{0, 0, 0, 1, 1, 1, 1, 1, 1, 1, 1, 0, 0, 0}
{0, 0, 0, 0, 1, 1, 1, 1, 1, 1, 0, 0, 0, 0}
{0, 0, 0, 0, 0, 0, 1, 1, 0, 0, 0, 0, 0, 0}
9*15
{0, 0, 1, 1, 1, 0, 0, 0, 0, 0, 1, 1, 1, 0, 0}
{0, 1, 1, 1, 1, 1, 0, 0, 0, 1, 1, 1, 1, 1, 0}
{1, 1, 1, 1, 1, 1, 1, 1, 1, 1, 1, 1, 1, 1, 1}
{1, 1, 1, 1, 1, 1, 1, 1, 1, 1, 1, 1, 1, 1, 1}
{0, 1, 1, 1, 1, 1, 1, 1, 1, 1, 1, 1, 1, 1, 0}
{0, 0, 0, 1, 1, 1, 1, 1, 1, 1, 1, 1, 0, 0, 0}
{0, 0, 0, 0, 1, 1, 1, 1, 1, 1, 1, 0, 0, 0, 0}
{0, 0, 0, 0, 0, 0, 1, 1, 1, 0, 0, 0, 0, 0, 0}
{0, 0, 0, 0, 0, 0, 0, 1, 0, 0, 0, 0, 0, 0, 0}